6.840216264170306815e-01
2.071723435266502822e+00
2.492357848253634156e+00
1.054776533851672138e+00
7.347997902978401497e-01
1.177209489971389633e+00
1.594586306210409532e+00
1.040891395326262181e+00
2.263104883603945794e+00
1.405406091129610013e+00
9.761759770158005001e-01
1.492295575246780359e+00
1.687379596236465495e+00
2.032297482032525249e+00
2.971512877243826622e+00
2.944394812421774255e+00
3.212011883037088289e+00
3.066318745949249358e+00
3.672741846436579749e+00
2.183246650490046736e+00
2.377563914656620092e+00
3.451423038843947744e+00
2.285890785127196345e+00
3.816801106766931184e+00
1.582389228857729702e+00
2.865252245917030649e+00
1.952778320045362115e+00
2.695714904019097080e+00
1.766036452979076188e+00
4.149525444477790259e+00
2.294955186827921434e+00
3.885257445819604083e+00
2.155564815005611479e+00
4.703012895432901352e+00
3.968761498351695671e+00
1.667561403152125532e+00
3.977315951198146404e+00
4.213485444234169819e+00
1.959722797072964484e+00
3.085260537634101130e+00
1.943472670395322455e+00
5.281269987853103309e+00
3.379700639510791138e+00
1.820821290756562627e+00
3.592974718183715943e+00
2.577259006612005798e+00
2.848978229020516117e+00
2.607454919417545369e+00
2.952797861368532839e+00
3.563203537175578806e+00
3.785022889817197367e+00
2.039700904464485376e+00
2.981459571122510699e+00
2.589149962466554378e+00
1.195999037525570241e+00
2.995150493953613768e+00
3.642070014403650191e+00
3.176534157949904902e+00
3.577936496204110028e+00
2.427440059093949554e+00
1.886928212049790776e+00
2.498720467928184696e+00
3.068803108485937958e+00
1.808202536001905392e+00
3.651621299348409622e+00
3.356908239058600252e+00
3.971777937694856320e+00
4.262517561525458021e+00
2.088958062701392393e+00
3.063677679583929780e+00
2.408116188785766720e+00
2.282783681884809734e+00
3.455739041341519879e+00
2.275304158513522079e+00
2.265195474990402413e+00
2.863541463782882435e+00
2.345284751131418322e+00
1.689030274881795135e+00
2.059518298610153675e+00
9.003707062190167143e-01
2.746141482792852972e+00
1.342752239898338029e+00
2.157106306785126826e+00
1.637771783724941033e+00
1.804224871939529740e+00
1.201847130149044318e+00
2.231932362352669674e+00
1.920501162589827837e+00
1.722149969529987723e-01
1.258415935044914225e+00
5.057564983360460786e-01
7.899721731702632477e-01
1.265224931839910250e+00
1.925100418135435199e+00
3.637514778464668308e-01
