1.294320579412903960e-01
3.327473448127574729e-01
2.504096025443973694e+00
9.691278727986408770e-01
1.063691636414029196e+00
9.436377208037357578e-01
1.962362580008031765e+00
1.332558840436516734e+00
2.826808895369343322e+00
1.603440259077350438e+00
8.322379959938004390e-01
1.577284913103803365e+00
1.969897373986730704e+00
2.288316506529584515e+00
3.699951337457372258e+00
3.846671110604319654e+00
2.935247930179322839e+00
3.309663076416538008e+00
4.410793186744076166e+00
2.649084740490564638e+00
2.727464013778400531e+00
4.031376014763934812e+00
2.418472173375663115e+00
4.422259112783723189e+00
2.026793175995174945e+00
3.570506626828343411e+00
2.628377621040093981e+00
2.505788847513708451e+00
2.305791168078453079e+00
4.920432605655940428e+00
3.190873341952273012e+00
4.469988976499307931e+00
2.852897549757812623e+00
4.256388919332564136e+00
4.606843539834742707e+00
1.778942583395834109e+00
4.702551172542348112e+00
5.161132570781567175e+00
2.518243979883587613e+00
3.506731875376412066e+00
1.568623586199394682e+00
5.406603642026522216e+00
3.936473982330902732e+00
1.980741299524007459e+00
3.592018086545528011e+00
3.014418571968587646e+00
3.587110461565064412e+00
3.296561970842502021e+00
3.535457410174245751e+00
3.830050487387945513e+00
4.545922017026872375e+00
3.087285763125455773e+00
3.526870745846850230e+00
2.819841802663812125e+00
1.439796523954677054e+00
3.770900774450498982e+00
4.416776339118626105e+00
4.177697618688073433e+00
4.418661930618830169e+00
3.272823038715968469e+00
2.381761597543153641e+00
2.600034750316641219e+00
3.199834774293960127e+00
2.332889418972617257e+00
3.926117312919041868e+00
4.035594217028558361e+00
4.495813450293886682e+00
5.016430005746685516e+00
2.457954341845754342e+00
3.793215268057825718e+00
3.134895639253781674e+00
2.158217192405729179e+00
3.638215741859287089e+00
2.510632343314108006e+00
2.425238652509858817e+00
3.340675879951405136e+00
2.552434384848699001e+00
1.871237244944118361e+00
2.603309531648388297e+00
8.760202174180458101e-01
3.316737219541518567e+00
1.164470255386184983e+00
2.245770364587670542e+00
1.771608744804468394e+00
1.795305383237661756e+00
1.416169062741952978e+00
2.300083670496680277e+00
1.923677805282169473e+00
8.904562523385753381e-02
1.047790379568441343e+00
6.032746419730712351e-01
9.229203926888186471e-01
7.407898792824972878e-01
4.796990013774052319e-01
4.002413415862446922e-01
